0,300,87.4262083799,0
1,300,276.446711363,1
2,242,-43.780525498,0
3,300,498.600875649,2
4,300,83.9635881369,0
5,300,287.570309007,1
6,300,278.432667451,1
7,300,95.0142047188,0
8,300,281.666375496,1
9,300,274.173880872,1
10,300,62.7475217866,0
11,300,102.761450773,0
12,300,130.586826275,0
13,300,283.338702031,1
14,300,88.9326976231,0
15,300,694.649856504,3
16,300,70.9134334147,0
17,300,518.462894731,2
18,300,706.665480168,3
19,300,73.0504206468,0
20,300,86.0844476132,0
21,300,291.274974522,1
22,283,390.609456483,2
23,300,283.498654279,1
24,300,87.6589249718,0
25,300,72.60361887,0
26,300,324.335192356,1
27,300,105.774176989,0
28,300,277.33256467,1
29,300,102.135828973,0
30,300,95.6074788998,0
31,268,-14.2797235369,0
32,300,79.7567498584,0
33,300,83.9051559416,0
34,300,136.104736923,0
35,300,65.4803908311,0
36,300,88.9307982691,0
37,300,90.8556568969,0
38,300,297.351053003,1
39,300,113.929985391,0
40,300,88.0137653365,0
41,300,68.7032322587,0
42,300,107.617812863,0
43,300,334.200807182,1
44,300,111.442320279,0
45,300,106.91365123,0
46,300,497.814423879,2
47,300,319.09189947,1
48,300,88.8842227152,0
49,300,108.052860216,0
50,300,75.4089651696,0
51,300,461.959147912,2
52,300,490.29789779,2
53,300,319.557919008,1
54,300,457.604516611,2
55,300,103.613583116,0
56,300,69.6574699447,0
57,300,689.595199848,3
58,300,104.956175712,0
59,300,1087.69827777,5
60,300,308.027578481,1
61,300,289.47832475,1
62,300,51.1633624174,0
63,300,338.215955938,1
64,300,82.2056731047,0
65,300,247.927371782,1
66,300,295.683943248,1
67,300,44.0467044063,0
68,300,68.7386312698,0
69,300,297.787308652,1
70,300,98.7407798886,0
71,300,65.2568547883,0
72,300,293.56193149,1
73,300,75.6771971043,0
74,300,302.642936664,1
75,300,103.174842643,0
76,300,264.972057632,1
77,300,42.6301157531,0
78,300,250.832283013,1
79,300,101.9360328,0
80,300,118.379931184,0
81,300,108.012931269,0
82,300,271.304457727,1
83,300,258.752362669,1
84,300,711.209676558,3
85,300,102.497864892,0
86,300,47.4456561594,0
87,300,101.548489313,0
88,300,107.175714469,0
89,300,1090.49285538,5
90,300,114.047136054,0
91,300,101.174815387,0
92,300,117.077529203,0
93,300,127.560392874,0
94,300,323.438952037,1
95,300,112.96336518,0
96,300,145.36188346,0
97,300,150.286289601,0
98,300,105.567076752,0
99,300,103.134424707,0
100,300,116.035268689,0
101,300,90.5872424347,0
102,300,239.644687139,1
103,300,37.1921186315,0
104,300,75.6674243054,0
105,300,313.831455057,1
106,300,102.941130233,0
107,300,117.071083206,0
108,300,41.6873947793,0
109,300,102.439996564,0
110,300,285.093972274,1
111,300,87.0493705431,0
112,300,334.818786056,1
113,300,110.939430947,0
114,300,96.9406413922,0
115,300,279.649708818,1
116,300,249.151001822,1
117,300,120.786532118,0
118,300,50.7650848945,0
119,300,308.092930361,1
120,300,67.9793198755,0
121,300,47.9234145557,0
122,300,676.144739875,3
123,300,95.0995812056,0
124,300,685.424950345,3
125,300,316.421043793,1
126,300,93.3970162293,0
127,300,108.040043661,0
128,300,110.353765948,0
129,300,491.117752918,2
130,300,117.209216996,0
131,300,102.484171843,0
132,300,44.0262272617,0
133,300,253.780134699,1
134,300,294.926866417,1
135,300,278.111218047,1
136,300,95.3570420304,0
137,300,275.838105019,1
138,300,286.932239991,1
139,300,458.289577762,2
140,300,64.1744250911,0
141,300,318.906294647,1
142,300,91.2821474285,0
143,300,251.751262856,1
144,300,53.1936048976,0
145,300,144.846522556,0
146,300,510.637496084,2
147,300,720.586702453,3
148,300,82.9784659437,0
149,300,84.7897177259,0
150,300,307.38850066,1
151,300,290.132713812,1
152,300,120.72485146,0
153,300,104.559592047,0
154,300,108.352821364,0
155,300,452.968867206,2
156,300,326.874420132,1
157,300,304.405884723,1
158,300,289.750011395,1
159,300,470.329450335,2
160,300,101.569727932,0
161,300,269.63485365,1
162,300,104.113251681,0
163,300,316.235515449,1
164,300,323.206422319,1
165,300,303.627201299,1
166,300,110.800508052,0
167,300,325.605526988,1
168,300,700.378794211,3
169,300,109.323001033,0
170,300,96.0905263343,0
171,300,121.031475079,0
172,300,493.307051161,2
173,300,125.734152606,0
174,300,298.525841227,1
175,300,63.3391403158,0
176,300,287.331879406,1
177,300,297.403697663,1
178,300,490.885927657,2
179,300,526.159432051,2
180,300,101.994070711,0
181,300,704.911365882,3
182,300,144.943090834,0
183,300,309.836858122,1
184,300,107.066993017,0
185,300,293.583677723,1
186,300,504.133908688,2
187,300,502.391755557,2
188,300,119.347184615,0
189,300,113.848412306,0
190,300,309.382609756,1
191,300,271.457285713,1
192,300,141.730366044,0
193,300,88.0562003063,0
194,300,293.751573309,1
195,300,136.076257607,0
196,300,97.4096801731,0
197,300,679.183425122,3
198,300,465.178929298,2
199,300,477.689400285,2
200,300,143.396792644,0
201,300,314.164545601,1
202,300,112.890918811,0
203,300,99.097663744,0
204,300,104.115467777,0
205,300,881.068185054,4
206,300,684.416787914,3
207,300,51.351353443,0
208,300,109.5108839,0
209,300,61.7658307827,0
210,300,121.404769805,0
211,300,301.240943231,1
212,300,115.945820935,0
213,300,317.717093931,1
214,300,94.8368250177,0
215,300,90.1912684666,0
216,300,299.910426918,1
217,300,99.5823871871,0
218,300,337.918401095,1
219,300,99.7546165691,0
220,300,310.991283842,1
221,300,113.548620013,0
222,300,293.12739804,1
223,300,122.796892516,0
224,300,707.734935884,3
225,300,51.0947333289,0
226,300,251.146745957,1
227,300,1055.58209682,5
228,300,78.4852897686,0
229,300,482.321197689,2
